9.637381434440612793e-01
1.819389499723911285e-02
1.240111514925956726e-02
7.221167907118797302e-03
1.710337935946881771e-03
3.262225072830915451e-04
0.000000000000000000e+00
0.000000000000000000e+00
4.247649759054183960e-02
1.889760256744921207e-03
3.474269527941942215e-03
1.859701238572597504e-02
1.356153516098856926e-03
4.380702157504856586e-04
1.165080357168335468e-05
0.000000000000000000e+00
1.631112536415457726e-04
4.380702157504856586e-04
1.631112536415457726e-05
3.029208892257884145e-05
8.621594315627589822e-05
4.660321337723871693e-06
0.000000000000000000e+00
0.000000000000000000e+00
2.330160668861935847e-06
2.097144606523215771e-04
3.052510437555611134e-04
0.000000000000000000e+00
9.320642675447743386e-06
3.308828163426369429e-04
3.495240889606066048e-05
0.000000000000000000e+00
0.000000000000000000e+00
1.165080357168335468e-05
1.887430116767063737e-04
5.359369606594555080e-05
0.000000000000000000e+00
0.000000000000000000e+00
0.000000000000000000e+00
0.000000000000000000e+00
0.000000000000000000e+00
0.000000000000000000e+00
9.320642675447743386e-06
1.980636588996276259e-04
0.000000000000000000e+00
1.398096355842426419e-05
0.000000000000000000e+00
0.000000000000000000e+00
0.000000000000000000e+00
0.000000000000000000e+00
4.660321337723871693e-06
5.825401603942736983e-05
2.097144533763639629e-05
0.000000000000000000e+00
0.000000000000000000e+00
0.000000000000000000e+00
0.000000000000000000e+00
0.000000000000000000e+00
0.000000000000000000e+00
0.000000000000000000e+00
4.660321337723871693e-06
0.000000000000000000e+00
0.000000000000000000e+00
0.000000000000000000e+00
1.961995288729667664e-02
4.194289067527279258e-05
2.866097493097186089e-04
4.870035918429493904e-04
1.001969067147001624e-04
1.165080357168335468e-05
0.000000000000000000e+00
0.000000000000000000e+00
1.919213533401489258e-01
5.825401749461889267e-03
4.974892828613519669e-03
1.043445989489555359e-02
4.373711533844470978e-03
1.817525364458560944e-03
2.190351078752428293e-04
0.000000000000000000e+00
4.170987522229552269e-04
3.052510437555611134e-04
6.477846764028072357e-04
2.269576536491513252e-03
2.511913189664483070e-03
2.227633493021130562e-03
3.518542507663369179e-04
0.000000000000000000e+00
2.330160668861935847e-06
1.025270685204304755e-04
5.242861225269734859e-04
9.320642675447743386e-06
8.388578135054558516e-05
3.751558542717248201e-04
1.001969067147001624e-04
0.000000000000000000e+00
0.000000000000000000e+00
6.990481779212132096e-06
3.378732944838702679e-04
4.637019592337310314e-04
1.095175539376214147e-04
0.000000000000000000e+00
6.058417784515768290e-05
1.165080357168335468e-05
0.000000000000000000e+00
0.000000000000000000e+00
9.320642857346683741e-05
1.451690099202096462e-03
1.596160000190138817e-03
2.085493877530097961e-03
0.000000000000000000e+00
0.000000000000000000e+00
0.000000000000000000e+00
0.000000000000000000e+00
2.143747842637822032e-04
7.712831720709800720e-04
6.384640000760555267e-04
0.000000000000000000e+00
0.000000000000000000e+00
0.000000000000000000e+00
0.000000000000000000e+00
0.000000000000000000e+00
0.000000000000000000e+00
2.563176713010761887e-05
9.320642675447743386e-06
0.000000000000000000e+00
0.000000000000000000e+00
0.000000000000000000e+00
8.388578135054558516e-05
6.990481779212132096e-06
4.660321337723871693e-06
0.000000000000000000e+00
0.000000000000000000e+00
0.000000000000000000e+00
0.000000000000000000e+00
0.000000000000000000e+00
1.469399333000183105e-01
1.589169609360396862e-03
1.015949994325637817e-03
1.631112420000135899e-03
5.778798367828130722e-04
4.823432536795735359e-04
1.141778702731244266e-04
0.000000000000000000e+00
7.801378145813941956e-03
4.986543790437281132e-04
1.183721586130559444e-03
2.607449889183044434e-03
3.875057213008403778e-03
2.076173201203346252e-03
5.848703440278768539e-04
0.000000000000000000e+00
9.786674490896984935e-05
1.374794810544699430e-04
5.569083732552826405e-04
1.747620553942397237e-04
1.749950693920254707e-03
3.446307731792330742e-03
6.990482215769588947e-04
0.000000000000000000e+00
0.000000000000000000e+00
7.223497959785163403e-05
2.120446151820942760e-04
6.640958017669618130e-04
2.027239825110882521e-04
2.749589621089398861e-04
1.537906064186245203e-04
1.165080357168335468e-05
0.000000000000000000e+00
1.118477084673941135e-04
1.770922099240124226e-04
2.842796093318611383e-04
7.456514285877346992e-04
1.398096355842426419e-05
0.000000000000000000e+00
2.330160668861935847e-06
0.000000000000000000e+00
2.330160668861935847e-06
2.073843061225488782e-04
2.819494402501732111e-04
3.495241107884794474e-04
3.914669796358793974e-04
0.000000000000000000e+00
0.000000000000000000e+00
0.000000000000000000e+00
0.000000000000000000e+00
0.000000000000000000e+00
0.000000000000000000e+00
0.000000000000000000e+00
0.000000000000000000e+00
0.000000000000000000e+00
0.000000000000000000e+00
7.223497959785163403e-05
4.660321337723871693e-06
2.330160668861935847e-06
0.000000000000000000e+00
0.000000000000000000e+00
0.000000000000000000e+00
0.000000000000000000e+00
0.000000000000000000e+00
4.686419293284416199e-02
1.304890029132366180e-03
5.499179242178797722e-04
6.757465598639100790e-05
1.677715627010911703e-04
0.000000000000000000e+00
0.000000000000000000e+00
0.000000000000000000e+00
7.364472746849060059e-02
3.173678880557417870e-03
1.796553842723369598e-03
2.612109994515776634e-03
4.126714542508125305e-03
1.335182110778987408e-03
4.217590903863310814e-04
3.961273250752128661e-05
1.516934600658714771e-03
2.162388991564512253e-03
8.435181807726621628e-04
4.357400466687977314e-04
2.153068548068404198e-03
2.348802052438259125e-03
6.501148454844951630e-04
3.262225072830915451e-04
1.095175539376214147e-04
6.710862508043646812e-04
1.202362938784062862e-03
2.796192711684852839e-04
2.726287930272519588e-04
1.868788851425051689e-03
1.153429504483938217e-03
3.495240889606066048e-05
0.000000000000000000e+00
6.058417784515768290e-05
1.304890029132366180e-04
6.035116384737193584e-04
2.330160641577094793e-04
2.330160668861935847e-06
6.990481779212132096e-05
8.295372244901955128e-04
0.000000000000000000e+00
0.000000000000000000e+00
0.000000000000000000e+00
1.840826880652457476e-04
1.181391417048871517e-03
7.223497959785163403e-05
0.000000000000000000e+00
3.728257070179097354e-05
0.000000000000000000e+00
0.000000000000000000e+00
0.000000000000000000e+00
0.000000000000000000e+00
1.631112536415457726e-05
4.660321337723871693e-06
1.165080357168335468e-05
0.000000000000000000e+00
0.000000000000000000e+00
0.000000000000000000e+00
0.000000000000000000e+00
0.000000000000000000e+00
0.000000000000000000e+00
0.000000000000000000e+00
0.000000000000000000e+00
0.000000000000000000e+00
6.058417784515768290e-05
5.941909621469676495e-04
0.000000000000000000e+00
0.000000000000000000e+00
0.000000000000000000e+00
0.000000000000000000e+00
0.000000000000000000e+00
0.000000000000000000e+00
3.655789047479629517e-02
3.404364688321948051e-03
1.631112536415457726e-04
2.097144606523215771e-04
1.214013667777180672e-03
2.330160668861935847e-06
0.000000000000000000e+00
0.000000000000000000e+00
8.183524012565612793e-03
6.652608513832092285e-03
1.421398017555475235e-03
7.503117085434496403e-04
2.894059522077441216e-03
6.710862508043646812e-04
1.048572303261607885e-04
0.000000000000000000e+00
3.704955452121794224e-04
6.361338892020285130e-04
8.528387988917529583e-04
6.990481779212132096e-06
3.844765014946460724e-04
1.281588338315486908e-03
6.244830437935888767e-04
4.660321337723871693e-06
0.000000000000000000e+00
6.990481779212132096e-06
3.029208746738731861e-04
1.258286793017759919e-04
6.990481779212132096e-06
3.005907346960157156e-04
2.742598997429013252e-03
1.234985189512372017e-03
0.000000000000000000e+00
0.000000000000000000e+00
7.456514140358194709e-05
2.306859096279367805e-04
2.446668804623186588e-04
0.000000000000000000e+00
1.234985102200880647e-04
3.774860233534127474e-04
0.000000000000000000e+00
0.000000000000000000e+00
0.000000000000000000e+00
4.660321337723871693e-06
6.524450145661830902e-05
2.633081458043307066e-04
5.242861225269734859e-04
4.660321337723871693e-06
0.000000000000000000e+00
0.000000000000000000e+00
0.000000000000000000e+00
0.000000000000000000e+00
0.000000000000000000e+00
0.000000000000000000e+00
0.000000000000000000e+00
0.000000000000000000e+00
9.320642566308379173e-04
2.143747871741652489e-03
0.000000000000000000e+00
0.000000000000000000e+00
0.000000000000000000e+00
0.000000000000000000e+00
0.000000000000000000e+00
0.000000000000000000e+00
2.446668688207864761e-03
2.283557550981640816e-03
0.000000000000000000e+00
0.000000000000000000e+00
0.000000000000000000e+00
0.000000000000000000e+00
0.000000000000000000e+00
0.000000000000000000e+00
1.155759673565626144e-03
5.405972478911280632e-04
2.097144533763639629e-05
7.922546501504257321e-05
5.825401603942736983e-05
3.728257070179097354e-05
0.000000000000000000e+00
0.000000000000000000e+00
1.039251685142517090e-03
4.939940408803522587e-04
4.194289067527279258e-05
6.990481779212132096e-05
1.724318863125517964e-04
2.819494344294071198e-03
5.033147172071039677e-04
0.000000000000000000e+00
0.000000000000000000e+00
5.359369606594555080e-05
9.087626676773652434e-05
4.893337245448492467e-05
2.330160668861935847e-06
2.633081458043307066e-04
1.728979172185063362e-03
1.085854833945631981e-03
0.000000000000000000e+00
5.592385423369705677e-05
7.549720467068254948e-04
6.804069271311163902e-04
4.660321428673341870e-05
2.563176713010761887e-05
1.153429504483938217e-03
7.300393190234899521e-03
0.000000000000000000e+00
0.000000000000000000e+00
1.677715627010911703e-04
4.194289213046431541e-04
2.330160641577094793e-04
5.732194986194372177e-04
1.029931008815765381e-03
1.281588338315486908e-04
0.000000000000000000e+00
0.000000000000000000e+00
0.000000000000000000e+00
0.000000000000000000e+00
0.000000000000000000e+00
0.000000000000000000e+00
0.000000000000000000e+00
0.000000000000000000e+00
3.891368396580219269e-04
1.770922099240124226e-04
0.000000000000000000e+00
0.000000000000000000e+00
0.000000000000000000e+00
0.000000000000000000e+00
0.000000000000000000e+00
0.000000000000000000e+00
3.868066705763339996e-04
2.707646694034337997e-03
0.000000000000000000e+00
0.000000000000000000e+00
0.000000000000000000e+00
0.000000000000000000e+00
0.000000000000000000e+00
0.000000000000000000e+00
1.656744279898703098e-03
5.708893877454102039e-04
2.330160668861935847e-06
0.000000000000000000e+00
0.000000000000000000e+00
0.000000000000000000e+00
0.000000000000000000e+00
0.000000000000000000e+00
3.262225072830915451e-05
5.103051662445068359e-04
9.786674490896984935e-05
4.660321428673341870e-05
9.320642675447743386e-06
1.491302857175469398e-03
1.440039253793656826e-03
0.000000000000000000e+00
0.000000000000000000e+00
2.889399183914065361e-04
4.124384431634098291e-04
4.893337245448492467e-05
5.592385423369705677e-05
2.132097026333212852e-03
4.751197528094053268e-03
2.097144533763639629e-05
0.000000000000000000e+00
1.817525335354730487e-04
1.183721586130559444e-03
5.499179242178797722e-04
2.493271895218640566e-04
8.388578135054558516e-05
6.850672652944922447e-04
2.663373714312911034e-03
0.000000000000000000e+00
0.000000000000000000e+00
2.330160714336670935e-05
1.118477084673941135e-04
2.586478367447853088e-04
5.755496677011251450e-04
1.165080357168335468e-05
2.889399183914065361e-04
0.000000000000000000e+00
0.000000000000000000e+00
0.000000000000000000e+00
0.000000000000000000e+00
0.000000000000000000e+00
0.000000000000000000e+00
0.000000000000000000e+00
0.000000000000000000e+00
0.000000000000000000e+00
0.000000000000000000e+00
0.000000000000000000e+00
0.000000000000000000e+00
0.000000000000000000e+00
0.000000000000000000e+00
0.000000000000000000e+00
0.000000000000000000e+00
0.000000000000000000e+00
0.000000000000000000e+00
0.000000000000000000e+00
0.000000000000000000e+00
0.000000000000000000e+00
0.000000000000000000e+00
0.000000000000000000e+00
0.000000000000000000e+00
2.330160668861935847e-06
6.990481779212132096e-06
0.000000000000000000e+00
0.000000000000000000e+00
0.000000000000000000e+00
0.000000000000000000e+00
0.000000000000000000e+00
0.000000000000000000e+00
9.087626676773652434e-05
3.518542507663369179e-04
2.330160668861935847e-06
0.000000000000000000e+00
0.000000000000000000e+00
0.000000000000000000e+00
0.000000000000000000e+00
0.000000000000000000e+00
1.631112536415457726e-05
1.696356921456754208e-03
5.499179242178797722e-04
4.077781050000339746e-04
9.320642675447743386e-06
1.165080357168335468e-05
5.126353426021523774e-05
0.000000000000000000e+00
0.000000000000000000e+00
2.027239825110882521e-04
5.569083732552826405e-04
6.454545073211193085e-04
2.586478367447853088e-04
5.359369606594555080e-05
7.922546501504257321e-05
5.126353426021523774e-05
0.000000000000000000e+00
0.000000000000000000e+00
2.330160668861935847e-06
4.660321337723871693e-06
1.048572303261607885e-04
1.328191574430093169e-04
2.353462332393974066e-04
6.102690938860177994e-03
