7.065350655466318130e-03
0.000000000000000000e+00
0.000000000000000000e+00
0.000000000000000000e+00
0.000000000000000000e+00
0.000000000000000000e+00
0.000000000000000000e+00
0.000000000000000000e+00
5.434885155409574509e-03
0.000000000000000000e+00
0.000000000000000000e+00
0.000000000000000000e+00
0.000000000000000000e+00
0.000000000000000000e+00
0.000000000000000000e+00
0.000000000000000000e+00
0.000000000000000000e+00
0.000000000000000000e+00
0.000000000000000000e+00
0.000000000000000000e+00
0.000000000000000000e+00
0.000000000000000000e+00
0.000000000000000000e+00
0.000000000000000000e+00
0.000000000000000000e+00
0.000000000000000000e+00
0.000000000000000000e+00
0.000000000000000000e+00
0.000000000000000000e+00
0.000000000000000000e+00
0.000000000000000000e+00
0.000000000000000000e+00
0.000000000000000000e+00
0.000000000000000000e+00
0.000000000000000000e+00
0.000000000000000000e+00
0.000000000000000000e+00
0.000000000000000000e+00
0.000000000000000000e+00
0.000000000000000000e+00
0.000000000000000000e+00
0.000000000000000000e+00
0.000000000000000000e+00
0.000000000000000000e+00
0.000000000000000000e+00
0.000000000000000000e+00
0.000000000000000000e+00
0.000000000000000000e+00
0.000000000000000000e+00
0.000000000000000000e+00
0.000000000000000000e+00
0.000000000000000000e+00
0.000000000000000000e+00
0.000000000000000000e+00
0.000000000000000000e+00
0.000000000000000000e+00
0.000000000000000000e+00
0.000000000000000000e+00
0.000000000000000000e+00
0.000000000000000000e+00
0.000000000000000000e+00
0.000000000000000000e+00
0.000000000000000000e+00
0.000000000000000000e+00
0.000000000000000000e+00
0.000000000000000000e+00
0.000000000000000000e+00
0.000000000000000000e+00
0.000000000000000000e+00
0.000000000000000000e+00
0.000000000000000000e+00
0.000000000000000000e+00
2.155837789177894592e-02
3.007302992045879364e-02
1.811628317227587104e-04
0.000000000000000000e+00
0.000000000000000000e+00
0.000000000000000000e+00
0.000000000000000000e+00
0.000000000000000000e+00
3.079768037423491478e-03
1.521767769008874893e-02
1.086976961232721806e-03
1.811628317227587104e-04
0.000000000000000000e+00
0.000000000000000000e+00
0.000000000000000000e+00
0.000000000000000000e+00
0.000000000000000000e+00
0.000000000000000000e+00
0.000000000000000000e+00
1.811628317227587104e-04
0.000000000000000000e+00
0.000000000000000000e+00
0.000000000000000000e+00
0.000000000000000000e+00
0.000000000000000000e+00
0.000000000000000000e+00
0.000000000000000000e+00
0.000000000000000000e+00
1.811628317227587104e-04
0.000000000000000000e+00
0.000000000000000000e+00
0.000000000000000000e+00
0.000000000000000000e+00
0.000000000000000000e+00
0.000000000000000000e+00
0.000000000000000000e+00
0.000000000000000000e+00
0.000000000000000000e+00
0.000000000000000000e+00
0.000000000000000000e+00
0.000000000000000000e+00
0.000000000000000000e+00
0.000000000000000000e+00
0.000000000000000000e+00
0.000000000000000000e+00
0.000000000000000000e+00
0.000000000000000000e+00
0.000000000000000000e+00
0.000000000000000000e+00
0.000000000000000000e+00
0.000000000000000000e+00
0.000000000000000000e+00
0.000000000000000000e+00
0.000000000000000000e+00
0.000000000000000000e+00
0.000000000000000000e+00
0.000000000000000000e+00
3.623256634455174208e-04
1.213790941983461380e-02
1.811628229916095734e-02
2.173953922465443611e-03
0.000000000000000000e+00
0.000000000000000000e+00
0.000000000000000000e+00
1.449302653782069683e-03
1.376837491989135742e-02
1.503651496022939682e-02
9.058141149580478668e-03
1.304372400045394897e-02
0.000000000000000000e+00
0.000000000000000000e+00
0.000000000000000000e+00
2.898605307564139366e-03
6.485629081726074219e-02
2.989186719059944153e-02
7.246513385325670242e-03
1.032628118991851807e-02
0.000000000000000000e+00
0.000000000000000000e+00
0.000000000000000000e+00
0.000000000000000000e+00
4.510954394936561584e-02
1.920326054096221924e-02
2.717442577704787254e-03
1.902209781110286713e-02
3.442093729972839355e-03
0.000000000000000000e+00
0.000000000000000000e+00
0.000000000000000000e+00
5.434884806163609028e-04
6.884187459945678711e-03
1.992791192606091499e-03
5.253721959888935089e-03
1.105093304067850113e-02
0.000000000000000000e+00
0.000000000000000000e+00
0.000000000000000000e+00
0.000000000000000000e+00
0.000000000000000000e+00
0.000000000000000000e+00
0.000000000000000000e+00
0.000000000000000000e+00
0.000000000000000000e+00
0.000000000000000000e+00
0.000000000000000000e+00
0.000000000000000000e+00
0.000000000000000000e+00
0.000000000000000000e+00
0.000000000000000000e+00
0.000000000000000000e+00
0.000000000000000000e+00
0.000000000000000000e+00
0.000000000000000000e+00
0.000000000000000000e+00
0.000000000000000000e+00
0.000000000000000000e+00
0.000000000000000000e+00
0.000000000000000000e+00
0.000000000000000000e+00
0.000000000000000000e+00
0.000000000000000000e+00
0.000000000000000000e+00
3.442093729972839355e-03
4.130512475967407227e-02
3.768187016248703003e-02
5.072559230029582977e-03
3.623256634455174208e-04
0.000000000000000000e+00
0.000000000000000000e+00
1.811628317227587104e-04
1.177558396011590958e-02
2.808023802936077118e-02
6.594327092170715332e-02
1.721046864986419678e-02
0.000000000000000000e+00
0.000000000000000000e+00
0.000000000000000000e+00
1.449302677065134048e-02
3.279047086834907532e-02
4.800815135240554810e-02
2.445698156952857971e-02
8.152327500283718109e-03
0.000000000000000000e+00
0.000000000000000000e+00
0.000000000000000000e+00
9.239304065704345703e-02
2.077937722206115723e-01
3.659489378333091736e-02
1.503651496022939682e-02
9.058141149580478668e-03
0.000000000000000000e+00
0.000000000000000000e+00
0.000000000000000000e+00
6.340699270367622375e-03
5.398652330040931702e-02
5.398652330040931702e-02
1.032628118991851807e-02
7.246513385325670242e-03
3.623256634455174208e-04
0.000000000000000000e+00
0.000000000000000000e+00
1.811628317227587104e-04
1.086976961232721806e-03
1.449302653782069683e-03
7.427676115185022354e-03
0.000000000000000000e+00
0.000000000000000000e+00
0.000000000000000000e+00
0.000000000000000000e+00
0.000000000000000000e+00
0.000000000000000000e+00
0.000000000000000000e+00
0.000000000000000000e+00
0.000000000000000000e+00
0.000000000000000000e+00
0.000000000000000000e+00
0.000000000000000000e+00
0.000000000000000000e+00
0.000000000000000000e+00
0.000000000000000000e+00
0.000000000000000000e+00
0.000000000000000000e+00
0.000000000000000000e+00
0.000000000000000000e+00
0.000000000000000000e+00
0.000000000000000000e+00
0.000000000000000000e+00
1.992791192606091499e-03
0.000000000000000000e+00
9.963955730199813843e-03
2.355116885155439377e-03
0.000000000000000000e+00
0.000000000000000000e+00
0.000000000000000000e+00
1.811628317227587104e-04
1.032628118991851807e-02
1.503651496022939682e-02
3.405861184000968933e-02
4.311675578355789185e-02
1.811628317227587104e-04
0.000000000000000000e+00
0.000000000000000000e+00
2.173953922465443611e-03
1.503651496022939682e-02
4.311675578355789185e-02
8.315373957157135010e-02
4.311675578355789185e-02
0.000000000000000000e+00
0.000000000000000000e+00
4.529070574790239334e-03
2.898605354130268097e-02
1.000018864870071411e-01
6.449396908283233643e-02
7.391443848609924316e-02
1.576116681098937988e-02
0.000000000000000000e+00
0.000000000000000000e+00
6.703024730086326599e-03
1.007265374064445496e-01
2.086995840072631836e-01
4.311675578355789185e-02
3.532675281167030334e-02
9.963955730199813843e-03
0.000000000000000000e+00
0.000000000000000000e+00
7.246513268910348415e-04
2.536279708147048950e-02
5.507349967956542969e-02
4.655884951353073120e-02
1.050744391977787018e-02
1.449302653782069683e-03
0.000000000000000000e+00
0.000000000000000000e+00
0.000000000000000000e+00
3.623256634455174208e-04
9.058141731657087803e-04
7.246513268910348415e-04
7.246513268910348415e-04
0.000000000000000000e+00
0.000000000000000000e+00
0.000000000000000000e+00
0.000000000000000000e+00
0.000000000000000000e+00
0.000000000000000000e+00
0.000000000000000000e+00
0.000000000000000000e+00
0.000000000000000000e+00
0.000000000000000000e+00
0.000000000000000000e+00
0.000000000000000000e+00
0.000000000000000000e+00
0.000000000000000000e+00
0.000000000000000000e+00
0.000000000000000000e+00
0.000000000000000000e+00
0.000000000000000000e+00
0.000000000000000000e+00
0.000000000000000000e+00
0.000000000000000000e+00
4.529070574790239334e-03
1.068860664963722229e-02
0.000000000000000000e+00
9.058141731657087803e-04
5.434884806163609028e-04
0.000000000000000000e+00
0.000000000000000000e+00
0.000000000000000000e+00
3.623256634455174208e-04
1.250023581087589264e-02
1.195674668997526169e-02
7.482025027275085449e-02
1.992791146039962769e-02
0.000000000000000000e+00
0.000000000000000000e+00
0.000000000000000000e+00
3.985582385212182999e-03
2.391349337995052338e-02
3.061651811003684998e-02
1.279009580612182617e-01
9.058141731657087803e-04
0.000000000000000000e+00
1.811628317227587104e-04
5.797210615128278732e-03
4.456605762243270874e-02
2.025400400161743164e-01
1.154007241129875183e-01
1.577928215265274048e-01
4.710233770310878754e-03
0.000000000000000000e+00
0.000000000000000000e+00
2.916721627116203308e-02
1.275386363267898560e-01
1.827933043241500854e-01
5.181257054209709167e-02
9.529165178537368774e-02
1.630465500056743622e-03
0.000000000000000000e+00
1.811628346331417561e-03
1.721046864986419678e-02
2.264535427093505859e-02
1.721046864986419678e-02
1.105093304067850113e-02
9.058141731657087803e-04
0.000000000000000000e+00
0.000000000000000000e+00
0.000000000000000000e+00
9.058141731657087803e-04
1.268139807507395744e-03
1.811628317227587104e-04
0.000000000000000000e+00
0.000000000000000000e+00
0.000000000000000000e+00
0.000000000000000000e+00
0.000000000000000000e+00
0.000000000000000000e+00
0.000000000000000000e+00
0.000000000000000000e+00
0.000000000000000000e+00
0.000000000000000000e+00
0.000000000000000000e+00
0.000000000000000000e+00
0.000000000000000000e+00
0.000000000000000000e+00
0.000000000000000000e+00
1.811628317227587104e-04
1.811628317227587104e-04
0.000000000000000000e+00
0.000000000000000000e+00
0.000000000000000000e+00
0.000000000000000000e+00
0.000000000000000000e+00
0.000000000000000000e+00
5.434884806163609028e-04
4.891396500170230865e-03
0.000000000000000000e+00
0.000000000000000000e+00
0.000000000000000000e+00
0.000000000000000000e+00
0.000000000000000000e+00
0.000000000000000000e+00
7.246513268910348415e-04
1.721046864986419678e-02
9.420467540621757507e-03
1.811628317227587104e-04
0.000000000000000000e+00
0.000000000000000000e+00
0.000000000000000000e+00
0.000000000000000000e+00
5.797210615128278732e-03
6.503745913505554199e-02
6.485629081726074219e-02
2.644977346062660217e-02
0.000000000000000000e+00
0.000000000000000000e+00
0.000000000000000000e+00
8.514652960002422333e-03
2.029023692011833191e-02
1.114151403307914734e-01
3.155856430530548096e-01
3.105130791664123535e-01
0.000000000000000000e+00
1.086976961232721806e-03
7.246513385325670242e-03
5.199373140931129456e-02
4.112396389245986938e-02
1.429374814033508301e-01
9.076257795095443726e-02
2.851502895355224609e-01
0.000000000000000000e+00
0.000000000000000000e+00
3.623256634455174208e-04
1.286256127059459686e-02
1.068860664963722229e-02
2.536279615014791489e-03
2.355116885155439377e-03
6.413163989782333374e-02
0.000000000000000000e+00
0.000000000000000000e+00
0.000000000000000000e+00
0.000000000000000000e+00
0.000000000000000000e+00
0.000000000000000000e+00
0.000000000000000000e+00
0.000000000000000000e+00
0.000000000000000000e+00
0.000000000000000000e+00
0.000000000000000000e+00
0.000000000000000000e+00
0.000000000000000000e+00
0.000000000000000000e+00
0.000000000000000000e+00
0.000000000000000000e+00
0.000000000000000000e+00
0.000000000000000000e+00
0.000000000000000000e+00
0.000000000000000000e+00
0.000000000000000000e+00
0.000000000000000000e+00
0.000000000000000000e+00
0.000000000000000000e+00
0.000000000000000000e+00
0.000000000000000000e+00
0.000000000000000000e+00
0.000000000000000000e+00
0.000000000000000000e+00
1.811628317227587104e-04
9.058141731657087803e-04
0.000000000000000000e+00
0.000000000000000000e+00
0.000000000000000000e+00
0.000000000000000000e+00
0.000000000000000000e+00
0.000000000000000000e+00
3.623256634455174208e-04
2.101488783955574036e-02
7.971164770424365997e-03
0.000000000000000000e+00
0.000000000000000000e+00
0.000000000000000000e+00
0.000000000000000000e+00
0.000000000000000000e+00
4.529070574790239334e-03
1.956558600068092346e-02
3.025419265031814575e-02
0.000000000000000000e+00
0.000000000000000000e+00
0.000000000000000000e+00
0.000000000000000000e+00
5.434884806163609028e-04
2.355116885155439377e-03
1.322488673031330109e-02
3.655866086483001709e-01
0.000000000000000000e+00
0.000000000000000000e+00
0.000000000000000000e+00
0.000000000000000000e+00
3.260931000113487244e-03
9.420467540621757507e-03
1.576116681098937988e-02
4.195731282234191895e-01
