5.919826682657003403e-03
2.419218162685865536e-06
2.419218162685865536e-06
2.419218162685865536e-06
0.000000000000000000e+00
9.676872650743462145e-06
4.354592601885087788e-05
0.000000000000000000e+00
2.491794584784656763e-04
3.773980424739420414e-04
3.773980424739420414e-04
2.419218071736395359e-05
0.000000000000000000e+00
1.112840327550657094e-04
3.749788156710565090e-04
3.144983566016890109e-05
2.177296300942543894e-05
2.032143238466233015e-04
5.685162614099681377e-04
4.233631771057844162e-04
1.886990212369710207e-04
1.572491746628656983e-04
3.628827107604593039e-05
0.000000000000000000e+00
0.000000000000000000e+00
3.144983566016890109e-05
1.016071619233116508e-04
6.483504548668861389e-04
2.225680655101314187e-04
2.419218071736395359e-05
1.451530897611519322e-05
0.000000000000000000e+00
0.000000000000000000e+00
0.000000000000000000e+00
9.676872650743462145e-06
2.661140024429187179e-05
5.806123590446077287e-05
1.693452759354840964e-05
4.838436325371731073e-06
0.000000000000000000e+00
0.000000000000000000e+00
0.000000000000000000e+00
0.000000000000000000e+00
4.838436325371731073e-06
4.838436325371731073e-06
0.000000000000000000e+00
0.000000000000000000e+00
0.000000000000000000e+00
0.000000000000000000e+00
0.000000000000000000e+00
0.000000000000000000e+00
0.000000000000000000e+00
0.000000000000000000e+00
0.000000000000000000e+00
0.000000000000000000e+00
0.000000000000000000e+00
0.000000000000000000e+00
0.000000000000000000e+00
0.000000000000000000e+00
0.000000000000000000e+00
0.000000000000000000e+00
0.000000000000000000e+00
0.000000000000000000e+00
0.000000000000000000e+00
1.209609035868197680e-05
2.177296300942543894e-05
0.000000000000000000e+00
0.000000000000000000e+00
1.693452759354840964e-05
6.798002868890762329e-04
1.207189867272973061e-03
0.000000000000000000e+00
3.241752274334430695e-04
1.177820563316345215e-01
6.730264984071254730e-03
1.717644860036671162e-03
4.765859921462833881e-04
1.030586892738938332e-03
4.040094558149576187e-03
4.644898872356861830e-04
4.596514554577879608e-05
3.607901036739349365e-01
2.135927788913249969e-02
8.622093126177787781e-03
9.217220940627157688e-04
8.128572953864932060e-04
2.162781078368425369e-03
6.531889084726572037e-05
1.451530897611519322e-05
3.126355633139610291e-02
4.086059518158435822e-03
4.465876612812280655e-03
4.569903016090393066e-03
1.468465430662035942e-03
4.669091140385717154e-04
1.209609035868197680e-05
0.000000000000000000e+00
5.564201637753285468e-05
3.773980424739420414e-04
1.042683026753365993e-03
1.478142337873578072e-03
7.475384045392274857e-04
2.443410339765250683e-04
7.257654488057596609e-06
0.000000000000000000e+00
0.000000000000000000e+00
2.177296300942543894e-05
1.548299624118953943e-04
3.024022735189646482e-04
3.217560297343879938e-04
1.412823447026312351e-03
3.386905518709681928e-05
0.000000000000000000e+00
0.000000000000000000e+00
4.838436325371731073e-06
5.806123590446077287e-05
2.588563365861773491e-04
2.612755633890628815e-04
8.346302784048020840e-04
1.596684014657512307e-04
0.000000000000000000e+00
0.000000000000000000e+00
0.000000000000000000e+00
1.935374530148692429e-05
2.661140024429187179e-05
8.225342025980353355e-05
4.475553578231483698e-04
4.693283117376267910e-04
0.000000000000000000e+00
0.000000000000000000e+00
0.000000000000000000e+00
0.000000000000000000e+00
0.000000000000000000e+00
0.000000000000000000e+00
2.177296300942543894e-05
0.000000000000000000e+00
0.000000000000000000e+00
5.914988368749618530e-02
3.314328845590353012e-03
3.386905518709681928e-05
1.451530843041837215e-04
7.064117235131561756e-04
2.612755633890628815e-04
1.209609035868197680e-05
0.000000000000000000e+00
5.484125763177871704e-02
3.096599280834197998e-01
9.386566467583179474e-03
2.133750356733798981e-03
8.201149757951498032e-04
8.128572953864932060e-04
2.274065045639872551e-04
2.419218162685865536e-06
1.968735605478286743e-01
1.884571015834808350e-01
5.193093791604042053e-02
1.777157746255397797e-02
1.473303884267807007e-03
1.149128656834363937e-03
7.838266901671886444e-04
0.000000000000000000e+00
1.462417375296354294e-02
1.215560361742973328e-01
1.129532977938652039e-02
9.788156487047672272e-03
1.292588282376527786e-02
8.392267860472202301e-03
4.741667653433978558e-04
0.000000000000000000e+00
0.000000000000000000e+00
1.299120136536657810e-03
2.641786122694611549e-03
2.061173785477876663e-03
9.093841537833213806e-03
6.829452700912952423e-03
8.975299424491822720e-04
0.000000000000000000e+00
0.000000000000000000e+00
9.628488332964479923e-04
4.906174261122941971e-03
2.000693464651703835e-03
1.074132858775556087e-03
7.661663927137851715e-03
1.279766438528895378e-03
0.000000000000000000e+00
0.000000000000000000e+00
3.628827107604593039e-05
1.257993426406756043e-04
7.935035391710698605e-04
1.606360892765223980e-03
1.437015598639845848e-03
2.690170658752322197e-03
0.000000000000000000e+00
0.000000000000000000e+00
0.000000000000000000e+00
0.000000000000000000e+00
0.000000000000000000e+00
0.000000000000000000e+00
0.000000000000000000e+00
0.000000000000000000e+00
0.000000000000000000e+00
0.000000000000000000e+00
0.000000000000000000e+00
0.000000000000000000e+00
0.000000000000000000e+00
0.000000000000000000e+00
0.000000000000000000e+00
0.000000000000000000e+00
0.000000000000000000e+00
0.000000000000000000e+00
6.616561673581600189e-03
6.362543790601193905e-04
1.524107501609250903e-04
2.395025949226692319e-04
1.427338720532134175e-04
1.209609035868197680e-05
0.000000000000000000e+00
8.539840346202254295e-04
1.193158421665430069e-02
3.651567921042442322e-02
1.357665192335844040e-02
1.724902540445327759e-03
7.475384045392274857e-04
1.137032522819936275e-04
0.000000000000000000e+00
4.782794509083032608e-03
1.109767928719520569e-01
5.807091295719146729e-02
3.467465564608573914e-02
1.409920305013656616e-02
1.981339650228619576e-03
1.108001917600631714e-03
0.000000000000000000e+00
0.000000000000000000e+00
1.001725643873214722e-01
1.033538356423377991e-01
8.472101762890815735e-03
1.595958136022090912e-02
9.115613996982574463e-03
1.746675465255975723e-03
0.000000000000000000e+00
0.000000000000000000e+00
3.761884290724992752e-03
5.936761386692523956e-03
2.419218188151717186e-03
9.168836986646056175e-04
4.257823806256055832e-03
4.959397483617067337e-04
0.000000000000000000e+00
0.000000000000000000e+00
2.661140024429187179e-05
1.011233194731175900e-03
5.685162614099681377e-04
2.830485173035413027e-04
3.894941182807087898e-04
4.499745846260339022e-04
0.000000000000000000e+00
0.000000000000000000e+00
0.000000000000000000e+00
0.000000000000000000e+00
0.000000000000000000e+00
0.000000000000000000e+00
0.000000000000000000e+00
0.000000000000000000e+00
0.000000000000000000e+00
0.000000000000000000e+00
0.000000000000000000e+00
0.000000000000000000e+00
0.000000000000000000e+00
0.000000000000000000e+00
0.000000000000000000e+00
0.000000000000000000e+00
0.000000000000000000e+00
0.000000000000000000e+00
0.000000000000000000e+00
1.277347211726009846e-03
7.257654488057596609e-06
0.000000000000000000e+00
0.000000000000000000e+00
0.000000000000000000e+00
3.144983566016890109e-05
2.491794584784656763e-04
0.000000000000000000e+00
2.012789482250809669e-03
6.219809874892234802e-03
8.017289452254772186e-03
1.475723111070692539e-04
4.596514554577879608e-05
1.935374530148692429e-05
2.056335506495088339e-04
1.620876137167215347e-03
1.429395079612731934e-01
4.426443576812744141e-02
1.678695529699325562e-02
2.015208825469017029e-03
2.032143238466233015e-04
0.000000000000000000e+00
0.000000000000000000e+00
3.010717034339904785e-02
7.641100883483886719e-02
4.274274781346321106e-02
5.457272380590438843e-02
1.529187802225351334e-02
9.410758502781391144e-04
0.000000000000000000e+00
0.000000000000000000e+00
1.307345461100339890e-02
7.010894361883401871e-03
1.234527025371789932e-02
3.331505507230758667e-02
4.040094558149576187e-03
7.185077993199229240e-04
0.000000000000000000e+00
0.000000000000000000e+00
0.000000000000000000e+00
1.935374530148692429e-05
2.346641558688133955e-04
2.491794584784656763e-04
2.128912019543349743e-04
5.322280048858374357e-05
0.000000000000000000e+00
0.000000000000000000e+00
0.000000000000000000e+00
0.000000000000000000e+00
0.000000000000000000e+00
0.000000000000000000e+00
0.000000000000000000e+00
0.000000000000000000e+00
0.000000000000000000e+00
0.000000000000000000e+00
0.000000000000000000e+00
0.000000000000000000e+00
0.000000000000000000e+00
0.000000000000000000e+00
0.000000000000000000e+00
0.000000000000000000e+00
0.000000000000000000e+00
0.000000000000000000e+00
0.000000000000000000e+00
9.725256823003292084e-04
1.209609035868197680e-05
0.000000000000000000e+00
0.000000000000000000e+00
0.000000000000000000e+00
9.676872650743462145e-06
2.757908659987151623e-04
0.000000000000000000e+00
7.983420073287561536e-05
3.919133450835943222e-04
0.000000000000000000e+00
0.000000000000000000e+00
0.000000000000000000e+00
0.000000000000000000e+00
4.886820679530501366e-04
8.491455810144543648e-04
4.838436325371731073e-06
4.790051898453384638e-04
7.862459169700741768e-04
5.322280048858374357e-05
7.257654488057596609e-06
0.000000000000000000e+00
1.185416913358494639e-04
1.153967110440135002e-03
2.404460869729518890e-02
1.411129999905824661e-02
6.157878041267395020e-02
4.704411700367927551e-02
1.475723111070692539e-03
0.000000000000000000e+00
0.000000000000000000e+00
0.000000000000000000e+00
6.364963017404079437e-03
1.340900063514709473e-01
2.031344920396804810e-01
1.390203684568405151e-01
2.547436626628041267e-03
0.000000000000000000e+00
0.000000000000000000e+00
0.000000000000000000e+00
2.177296300942543894e-05
2.697428222745656967e-03
1.330328080803155899e-02
6.626238580793142319e-03
1.536203548312187195e-03
0.000000000000000000e+00
0.000000000000000000e+00
0.000000000000000000e+00
0.000000000000000000e+00
0.000000000000000000e+00
0.000000000000000000e+00
0.000000000000000000e+00
0.000000000000000000e+00
0.000000000000000000e+00
0.000000000000000000e+00
0.000000000000000000e+00
0.000000000000000000e+00
0.000000000000000000e+00
0.000000000000000000e+00
0.000000000000000000e+00
0.000000000000000000e+00
0.000000000000000000e+00
0.000000000000000000e+00
0.000000000000000000e+00
0.000000000000000000e+00
0.000000000000000000e+00
0.000000000000000000e+00
0.000000000000000000e+00
0.000000000000000000e+00
0.000000000000000000e+00
1.209609035868197680e-05
0.000000000000000000e+00
0.000000000000000000e+00
0.000000000000000000e+00
0.000000000000000000e+00
0.000000000000000000e+00
0.000000000000000000e+00
0.000000000000000000e+00
1.935374530148692429e-05
2.636947901919484138e-04
0.000000000000000000e+00
0.000000000000000000e+00
0.000000000000000000e+00
0.000000000000000000e+00
0.000000000000000000e+00
0.000000000000000000e+00
0.000000000000000000e+00
7.547960849478840828e-04
1.342666102573275566e-03
1.596684014657512307e-04
7.596344803459942341e-04
1.023329328745603561e-03
6.531889084726572037e-05
0.000000000000000000e+00
0.000000000000000000e+00
5.322280048858374357e-05
5.951276398263871670e-04
8.585805073380470276e-03
3.948889672756195068e-02
1.206754371523857117e-01
1.360713392496109009e-01
0.000000000000000000e+00
0.000000000000000000e+00
0.000000000000000000e+00
0.000000000000000000e+00
2.387768356129527092e-03
1.944446563720703125e-01
2.154700905084609985e-01
1.769609749317169189e-01
0.000000000000000000e+00
0.000000000000000000e+00
0.000000000000000000e+00
0.000000000000000000e+00
0.000000000000000000e+00
0.000000000000000000e+00
0.000000000000000000e+00
0.000000000000000000e+00
0.000000000000000000e+00
0.000000000000000000e+00
0.000000000000000000e+00
0.000000000000000000e+00
0.000000000000000000e+00
0.000000000000000000e+00
0.000000000000000000e+00
0.000000000000000000e+00
0.000000000000000000e+00
0.000000000000000000e+00
0.000000000000000000e+00
0.000000000000000000e+00
0.000000000000000000e+00
0.000000000000000000e+00
0.000000000000000000e+00
0.000000000000000000e+00
0.000000000000000000e+00
0.000000000000000000e+00
0.000000000000000000e+00
0.000000000000000000e+00
0.000000000000000000e+00
0.000000000000000000e+00
0.000000000000000000e+00
0.000000000000000000e+00
0.000000000000000000e+00
0.000000000000000000e+00
0.000000000000000000e+00
0.000000000000000000e+00
0.000000000000000000e+00
0.000000000000000000e+00
0.000000000000000000e+00
0.000000000000000000e+00
0.000000000000000000e+00
0.000000000000000000e+00
7.257654488057596609e-06
1.548299624118953943e-04
0.000000000000000000e+00
2.419218162685865536e-06
0.000000000000000000e+00
0.000000000000000000e+00
0.000000000000000000e+00
0.000000000000000000e+00
0.000000000000000000e+00
3.459482104517519474e-04
1.066875178366899490e-03
4.983589169569313526e-04
5.685162614099681377e-04
3.677211643662303686e-04
0.000000000000000000e+00
0.000000000000000000e+00
0.000000000000000000e+00
0.000000000000000000e+00
2.419218217255547643e-04
2.850564755499362946e-02
3.853572532534599304e-02
5.869144201278686523e-01
