9.044413454830646515e-03
5.775494966655969620e-03
6.098727681091986597e-06
0.000000000000000000e+00
0.000000000000000000e+00
0.000000000000000000e+00
0.000000000000000000e+00
0.000000000000000000e+00
3.049363731406629086e-04
5.991999804973602295e-02
1.707643677946180105e-04
0.000000000000000000e+00
0.000000000000000000e+00
0.000000000000000000e+00
0.000000000000000000e+00
0.000000000000000000e+00
0.000000000000000000e+00
0.000000000000000000e+00
8.965129964053630829e-04
2.439491072436794639e-04
0.000000000000000000e+00
0.000000000000000000e+00
0.000000000000000000e+00
0.000000000000000000e+00
0.000000000000000000e+00
0.000000000000000000e+00
0.000000000000000000e+00
1.640557777136564255e-03
6.586625822819769382e-04
0.000000000000000000e+00
0.000000000000000000e+00
0.000000000000000000e+00
0.000000000000000000e+00
0.000000000000000000e+00
0.000000000000000000e+00
0.000000000000000000e+00
1.878408133052289486e-03
3.232325543649494648e-04
0.000000000000000000e+00
0.000000000000000000e+00
0.000000000000000000e+00
0.000000000000000000e+00
0.000000000000000000e+00
0.000000000000000000e+00
0.000000000000000000e+00
4.878982144873589277e-05
0.000000000000000000e+00
0.000000000000000000e+00
0.000000000000000000e+00
0.000000000000000000e+00
0.000000000000000000e+00
0.000000000000000000e+00
0.000000000000000000e+00
0.000000000000000000e+00
0.000000000000000000e+00
0.000000000000000000e+00
0.000000000000000000e+00
0.000000000000000000e+00
0.000000000000000000e+00
0.000000000000000000e+00
0.000000000000000000e+00
0.000000000000000000e+00
0.000000000000000000e+00
0.000000000000000000e+00
4.086147528141736984e-04
2.317516482435166836e-04
3.049363840545993298e-05
3.659236608655191958e-05
0.000000000000000000e+00
1.219745536218397319e-05
3.659236535895615816e-04
1.758263260126113892e-02
1.603965414687991142e-03
1.792233139276504517e-01
2.538290433585643768e-02
1.780828461050987244e-03
6.159715121611952782e-04
1.402707421220839024e-04
4.452071152627468109e-04
2.378503850195556879e-04
0.000000000000000000e+00
1.006290083751082420e-03
1.506934612989425659e-01
4.059313237667083740e-02
2.439491072436794639e-05
4.025160160381346941e-04
9.757964289747178555e-05
1.524681865703314543e-04
0.000000000000000000e+00
0.000000000000000000e+00
0.000000000000000000e+00
6.330479402095079422e-03
6.647612899541854858e-04
0.000000000000000000e+00
2.439491072436794639e-05
1.890605635708197951e-04
0.000000000000000000e+00
0.000000000000000000e+00
0.000000000000000000e+00
0.000000000000000000e+00
1.999162882566452026e-02
2.140653319656848907e-03
0.000000000000000000e+00
0.000000000000000000e+00
0.000000000000000000e+00
0.000000000000000000e+00
0.000000000000000000e+00
0.000000000000000000e+00
0.000000000000000000e+00
1.597866648808121681e-03
4.147134895902127028e-04
0.000000000000000000e+00
0.000000000000000000e+00
0.000000000000000000e+00
0.000000000000000000e+00
0.000000000000000000e+00
0.000000000000000000e+00
0.000000000000000000e+00
3.964173083659261465e-04
7.684396696276962757e-04
0.000000000000000000e+00
0.000000000000000000e+00
0.000000000000000000e+00
0.000000000000000000e+00
0.000000000000000000e+00
0.000000000000000000e+00
0.000000000000000000e+00
6.647612899541854858e-04
0.000000000000000000e+00
4.269109194865450263e-05
3.049363840545993298e-05
0.000000000000000000e+00
0.000000000000000000e+00
0.000000000000000000e+00
0.000000000000000000e+00
6.464651087298989296e-04
7.928346167318522930e-04
3.019480034708976746e-02
6.995240692049264908e-03
6.403664010576903820e-04
6.098727462813258171e-04
6.647612899541854858e-04
2.927389286924153566e-04
3.842198348138481379e-04
0.000000000000000000e+00
7.031832821667194366e-03
2.259700596332550049e-01
7.623409386724233627e-03
9.026117040775716305e-04
6.525638746097683907e-04
9.818951366469264030e-04
1.158758241217583418e-04
0.000000000000000000e+00
0.000000000000000000e+00
2.073567447951063514e-04
3.616545349359512329e-02
1.088622864335775375e-02
3.110351099167019129e-04
1.097771018976345658e-04
6.708600267302244902e-05
0.000000000000000000e+00
0.000000000000000000e+00
0.000000000000000000e+00
6.098727681091986597e-06
1.698495633900165558e-02
7.806371431797742844e-04
6.098727681091986597e-06
6.098727681091986597e-05
0.000000000000000000e+00
0.000000000000000000e+00
0.000000000000000000e+00
0.000000000000000000e+00
0.000000000000000000e+00
7.196498918347060680e-04
5.427867872640490532e-04
0.000000000000000000e+00
0.000000000000000000e+00
0.000000000000000000e+00
0.000000000000000000e+00
0.000000000000000000e+00
0.000000000000000000e+00
0.000000000000000000e+00
3.177437232807278633e-03
1.338670682162046432e-02
0.000000000000000000e+00
0.000000000000000000e+00
0.000000000000000000e+00
0.000000000000000000e+00
0.000000000000000000e+00
0.000000000000000000e+00
0.000000000000000000e+00
3.616545582190155983e-03
0.000000000000000000e+00
0.000000000000000000e+00
0.000000000000000000e+00
0.000000000000000000e+00
0.000000000000000000e+00
0.000000000000000000e+00
0.000000000000000000e+00
1.585669233463704586e-04
2.439491072436794639e-05
2.456689476966857910e-01
4.472196847200393677e-02
3.049363840545993298e-05
6.098727681091986597e-05
8.538218389730900526e-05
1.585669233463704586e-04
7.623409619554877281e-04
0.000000000000000000e+00
5.244905594736337662e-03
4.055044054985046387e-02
6.251195911318063736e-03
3.720223903656005859e-04
8.233282133005559444e-04
4.653329029679298401e-03
5.610829684883356094e-04
0.000000000000000000e+00
0.000000000000000000e+00
2.518774475902318954e-03
2.197371609508991241e-02
4.147134721279144287e-03
3.964173083659261465e-04
6.342676933854818344e-04
1.829618304327595979e-05
0.000000000000000000e+00
0.000000000000000000e+00
0.000000000000000000e+00
0.000000000000000000e+00
1.546637341380119324e-02
1.642387360334396362e-02
3.049363731406629086e-04
1.158758241217583418e-04
0.000000000000000000e+00
0.000000000000000000e+00
0.000000000000000000e+00
0.000000000000000000e+00
0.000000000000000000e+00
1.428322028368711472e-02
1.829618267947807908e-04
5.244906060397624969e-04
0.000000000000000000e+00
0.000000000000000000e+00
0.000000000000000000e+00
0.000000000000000000e+00
0.000000000000000000e+00
0.000000000000000000e+00
1.024586264975368977e-03
2.073567447951063514e-04
0.000000000000000000e+00
0.000000000000000000e+00
0.000000000000000000e+00
0.000000000000000000e+00
0.000000000000000000e+00
0.000000000000000000e+00
0.000000000000000000e+00
0.000000000000000000e+00
0.000000000000000000e+00
0.000000000000000000e+00
0.000000000000000000e+00
0.000000000000000000e+00
0.000000000000000000e+00
0.000000000000000000e+00
0.000000000000000000e+00
0.000000000000000000e+00
0.000000000000000000e+00
3.964173083659261465e-04
8.434540592133998871e-03
1.280732831219211221e-04
0.000000000000000000e+00
8.538218389730900526e-05
1.341720053460448980e-04
2.134554670192301273e-04
0.000000000000000000e+00
1.890605548396706581e-03
3.744008839130401611e-01
2.862742729485034943e-02
1.219745536218397319e-04
3.049363840545993298e-05
3.049363840545993298e-05
6.281689275056123734e-04
0.000000000000000000e+00
1.829618304327595979e-05
1.492358651012182236e-02
3.509207814931869507e-02
4.439873620867729187e-03
9.148091339739039540e-05
1.768631045706570148e-04
1.341720053460448980e-04
0.000000000000000000e+00
0.000000000000000000e+00
6.098727681091986597e-06
4.824093542993068695e-03
2.962761931121349335e-02
6.031641736626625061e-03
3.720223903656005859e-04
1.768631045706570148e-04
0.000000000000000000e+00
0.000000000000000000e+00
0.000000000000000000e+00
0.000000000000000000e+00
1.036783723975531757e-04
3.592150518670678139e-03
6.159715121611952782e-04
3.659236608655191958e-05
0.000000000000000000e+00
0.000000000000000000e+00
0.000000000000000000e+00
0.000000000000000000e+00
0.000000000000000000e+00
0.000000000000000000e+00
6.708600267302244902e-05
9.757964289747178555e-05
0.000000000000000000e+00
0.000000000000000000e+00
0.000000000000000000e+00
0.000000000000000000e+00
0.000000000000000000e+00
0.000000000000000000e+00
0.000000000000000000e+00
0.000000000000000000e+00
0.000000000000000000e+00
0.000000000000000000e+00
0.000000000000000000e+00
0.000000000000000000e+00
0.000000000000000000e+00
0.000000000000000000e+00
0.000000000000000000e+00
0.000000000000000000e+00
0.000000000000000000e+00
0.000000000000000000e+00
0.000000000000000000e+00
0.000000000000000000e+00
0.000000000000000000e+00
0.000000000000000000e+00
0.000000000000000000e+00
0.000000000000000000e+00
0.000000000000000000e+00
2.805414842441678047e-04
6.434157490730285645e-03
1.356966886669397354e-02
0.000000000000000000e+00
0.000000000000000000e+00
1.219745536218397319e-05
1.030685030855238438e-03
0.000000000000000000e+00
3.537262091413140297e-04
1.201449334621429443e-02
2.987156808376312256e-02
2.000382635742425919e-03
6.098727681091986597e-06
9.757964289747178555e-05
8.050320320762693882e-04
0.000000000000000000e+00
0.000000000000000000e+00
6.037740386091172695e-04
7.666100747883319855e-03
2.707225270569324493e-02
4.049555398523807526e-03
1.829618267947807908e-04
1.951592857949435711e-04
0.000000000000000000e+00
0.000000000000000000e+00
0.000000000000000000e+00
0.000000000000000000e+00
5.501052364706993103e-03
9.659165143966674805e-02
1.793025992810726166e-02
1.707643677946180105e-04
0.000000000000000000e+00
0.000000000000000000e+00
0.000000000000000000e+00
0.000000000000000000e+00
0.000000000000000000e+00
6.098727681091986597e-05
1.591767882928252220e-03
9.148091776296496391e-04
0.000000000000000000e+00
0.000000000000000000e+00
0.000000000000000000e+00
0.000000000000000000e+00
0.000000000000000000e+00
0.000000000000000000e+00
0.000000000000000000e+00
5.488855094881728292e-05
0.000000000000000000e+00
0.000000000000000000e+00
0.000000000000000000e+00
0.000000000000000000e+00
0.000000000000000000e+00
0.000000000000000000e+00
0.000000000000000000e+00
0.000000000000000000e+00
0.000000000000000000e+00
0.000000000000000000e+00
0.000000000000000000e+00
0.000000000000000000e+00
0.000000000000000000e+00
0.000000000000000000e+00
0.000000000000000000e+00
0.000000000000000000e+00
0.000000000000000000e+00
0.000000000000000000e+00
0.000000000000000000e+00
0.000000000000000000e+00
0.000000000000000000e+00
0.000000000000000000e+00
0.000000000000000000e+00
0.000000000000000000e+00
0.000000000000000000e+00
6.829965114593505859e-02
2.879758179187774658e-01
3.158530965447425842e-02
8.599205757491290569e-04
0.000000000000000000e+00
6.098727681091986597e-06
2.012580080190673470e-04
0.000000000000000000e+00
0.000000000000000000e+00
1.149854138493537903e-01
1.472720801830291748e-01
8.934635668992996216e-03
2.140653319656848907e-03
1.707643677946180105e-04
5.488855094881728292e-05
0.000000000000000000e+00
0.000000000000000000e+00
3.659236608655191958e-05
2.439491072436794639e-05
4.107493162155151367e-02
3.369852006435394287e-01
1.186812389642000198e-02
8.538218389730900526e-05
0.000000000000000000e+00
0.000000000000000000e+00
0.000000000000000000e+00
0.000000000000000000e+00
0.000000000000000000e+00
5.257103126496076584e-03
3.420776501297950745e-02
1.465707272291183472e-01
0.000000000000000000e+00
0.000000000000000000e+00
0.000000000000000000e+00
0.000000000000000000e+00
0.000000000000000000e+00
0.000000000000000000e+00
1.219745536218397319e-05
4.916184395551681519e-02
0.000000000000000000e+00
0.000000000000000000e+00
0.000000000000000000e+00
0.000000000000000000e+00
0.000000000000000000e+00
0.000000000000000000e+00
0.000000000000000000e+00
0.000000000000000000e+00
0.000000000000000000e+00
0.000000000000000000e+00
0.000000000000000000e+00
0.000000000000000000e+00
0.000000000000000000e+00
0.000000000000000000e+00
0.000000000000000000e+00
0.000000000000000000e+00
0.000000000000000000e+00
0.000000000000000000e+00
0.000000000000000000e+00
0.000000000000000000e+00
0.000000000000000000e+00
0.000000000000000000e+00
0.000000000000000000e+00
0.000000000000000000e+00
0.000000000000000000e+00
0.000000000000000000e+00
1.158758241217583418e-04
4.145915061235427856e-02
2.236403524875640869e-02
0.000000000000000000e+00
0.000000000000000000e+00
3.049363840545993298e-05
0.000000000000000000e+00
0.000000000000000000e+00
9.099301882088184357e-03
5.952358245849609375e-03
2.529142424464225769e-02
9.711614251136779785e-02
2.395580150187015533e-02
2.439491072436794639e-05
0.000000000000000000e+00
0.000000000000000000e+00
4.878982144873589277e-05
3.903185715898871422e-04
2.196029871702194214e-01
1.941834948956966400e-02
5.145496502518653870e-02
6.586625822819769382e-04
0.000000000000000000e+00
0.000000000000000000e+00
0.000000000000000000e+00
0.000000000000000000e+00
0.000000000000000000e+00
2.305319067090749741e-03
1.370933055877685547e-01
8.471133187413215637e-03
0.000000000000000000e+00
0.000000000000000000e+00
0.000000000000000000e+00
0.000000000000000000e+00
0.000000000000000000e+00
0.000000000000000000e+00
1.670868396759033203e-01
5.372918248176574707e-01
